TOTAL:
precision 0.416
recall 0.375
F1 0.384
prec@10 0.640
MAP 0.591
interpolated_recall_precision
0.000 0.824
0.100 0.671
0.200 0.601
0.300 0.479
0.400 0.414
0.500 0.200
0.600 0.000
0.700 0.000
0.800 0.000
0.900 0.000
1.000 0.000

INORMATION NEED 107-2
precision 0.733
recall 0.478
F1 0.579
prec@10 1.000
average_precision 0.851
recall_precision 
0.014 1.000
0.029 1.000
0.043 1.000
0.058 1.000
0.072 1.000
0.087 1.000
0.101 1.000
0.116 1.000
0.130 1.000
0.145 1.000
0.159 0.846
0.174 0.857
0.188 0.867
0.203 0.824
0.217 0.833
0.232 0.842
0.246 0.850
0.261 0.783
0.275 0.792
0.290 0.800
0.304 0.808
0.319 0.786
0.333 0.767
0.348 0.774
0.362 0.781
0.377 0.788
0.391 0.730
0.406 0.737
0.420 0.725
0.435 0.714
0.449 0.721
0.464 0.727
0.478 0.733
interpolated_recall_precision
0.000 1.000
0.100 1.000
0.200 0.850
0.300 0.808
0.400 0.737
0.500 0.000
0.600 0.000
0.700 0.000
0.800 0.000
0.900 0.000
1.000 0.000

INORMATION NEED 109-2
precision 0.444
recall 0.526
F1 0.482
prec@10 1.000
average_precision 0.835
recall_precision 
0.026 1.000
0.053 1.000
0.079 1.000
0.105 1.000
0.132 1.000
0.158 1.000
0.184 1.000
0.211 1.000
0.237 1.000
0.263 1.000
0.289 0.917
0.316 0.923
0.342 0.722
0.368 0.667
0.395 0.682
0.421 0.667
0.447 0.586
0.474 0.600
0.500 0.500
0.526 0.444
interpolated_recall_precision
0.000 1.000
0.100 1.000
0.200 1.000
0.300 0.923
0.400 0.667
0.500 0.500
0.600 0.000
0.700 0.000
0.800 0.000
0.900 0.000
1.000 0.000

INORMATION NEED 105-5
precision 0.500
recall 0.600
F1 0.545
prec@10 0.700
average_precision 0.662
recall_precision 
0.033 1.000
0.067 0.667
0.100 0.750
0.133 0.800
0.167 0.833
0.200 0.857
0.233 0.778
0.267 0.615
0.300 0.643
0.333 0.625
0.367 0.647
0.400 0.667
0.433 0.619
0.467 0.467
0.500 0.484
0.533 0.471
0.567 0.486
0.600 0.500
interpolated_recall_precision
0.000 1.000
0.100 0.857
0.200 0.857
0.300 0.667
0.400 0.667
0.500 0.500
0.600 0.000
0.700 0.000
0.800 0.000
0.900 0.000
1.000 0.000

INORMATION NEED 106-4
precision 0.286
recall 0.226
F1 0.253
prec@10 0.500
average_precision 0.514
recall_precision 
0.019 1.000
0.038 1.000
0.057 0.500
0.075 0.571
0.094 0.625
0.113 0.500
0.132 0.467
0.151 0.320
0.170 0.321
0.189 0.286
0.208 0.297
0.226 0.286
interpolated_recall_precision
0.000 1.000
0.100 0.500
0.200 0.297
0.300 0.000
0.400 0.000
0.500 0.000
0.600 0.000
0.700 0.000
0.800 0.000
0.900 0.000
1.000 0.000

INORMATION NEED 208-1
precision 0.118
recall 0.043
F1 0.063
prec@10 0.000
average_precision 0.095
recall_precision 
0.021 0.071
0.043 0.118
interpolated_recall_precision
0.000 0.118
0.100 0.000
0.200 0.000
0.300 0.000
0.400 0.000
0.500 0.000
0.600 0.000
0.700 0.000
0.800 0.000
0.900 0.000
1.000 0.000

