TOTAL:
precision 0.443
recall 0.252
F1 0.294
prec@10 0.500
MAP 0.493
interpolated_recall_precision
0.000 0.827
0.100 0.471
0.200 0.396
0.300 0.063
0.400 0.060
0.500 0.000
0.600 0.000
0.700 0.000
0.800 0.000
0.900 0.000
1.000 0.000

INORMATION NEED 107-2
precision 0.516
recall 0.232
F1 0.320
prec@10 0.500
average_precision 0.618
recall_precision 
0.014 1.000
0.029 1.000
0.043 1.000
0.058 0.800
0.072 0.714
0.087 0.545
0.101 0.538
0.116 0.571
0.130 0.563
0.145 0.588
0.159 0.524
0.174 0.522
0.188 0.500
0.203 0.500
0.217 0.500
0.232 0.516
interpolated_recall_precision
0.000 1.000
0.100 0.588
0.200 0.516
0.300 0.000
0.400 0.000
0.500 0.000
0.600 0.000
0.700 0.000
0.800 0.000
0.900 0.000
1.000 0.000

INORMATION NEED 109-2
precision 0.611
recall 0.289
F1 0.393
prec@10 0.600
average_precision 0.570
recall_precision 
0.026 0.333
0.053 0.500
0.079 0.600
0.105 0.571
0.132 0.625
0.158 0.600
0.184 0.636
0.211 0.571
0.237 0.600
0.263 0.625
0.289 0.611
interpolated_recall_precision
0.000 0.636
0.100 0.636
0.200 0.625
0.300 0.000
0.400 0.000
0.500 0.000
0.600 0.000
0.700 0.000
0.800 0.000
0.900 0.000
1.000 0.000

INORMATION NEED 105-5
precision 0.295
recall 0.433
F1 0.351
prec@10 0.500
average_precision 0.518
recall_precision 
0.033 1.000
0.067 0.667
0.100 0.600
0.133 0.667
0.167 0.714
0.200 0.545
0.233 0.467
0.267 0.471
0.300 0.391
0.333 0.313
0.367 0.306
0.400 0.300
0.433 0.295
interpolated_recall_precision
0.000 1.000
0.100 0.714
0.200 0.545
0.300 0.313
0.400 0.300
0.500 0.000
0.600 0.000
0.700 0.000
0.800 0.000
0.900 0.000
1.000 0.000

INORMATION NEED 106-4
precision 0.500
recall 0.094
F1 0.159
prec@10 0.500
average_precision 0.390
recall_precision 
0.019 0.333
0.038 0.286
0.057 0.375
0.075 0.444
0.094 0.500
interpolated_recall_precision
0.000 0.500
0.100 0.000
0.200 0.000
0.300 0.000
0.400 0.000
0.500 0.000
0.600 0.000
0.700 0.000
0.800 0.000
0.900 0.000
1.000 0.000

INORMATION NEED 208-1
precision 0.294
recall 0.213
F1 0.247
prec@10 0.400
average_precision 0.371
recall_precision 
0.021 1.000
0.043 0.286
0.064 0.333
0.085 0.400
0.106 0.417
0.128 0.231
0.149 0.226
0.170 0.250
0.191 0.273
0.213 0.294
interpolated_recall_precision
0.000 1.000
0.100 0.417
0.200 0.294
0.300 0.000
0.400 0.000
0.500 0.000
0.600 0.000
0.700 0.000
0.800 0.000
0.900 0.000
1.000 0.000

